35144
72466
99678
39442
5602
83712
49084
1021
28728
31791
66629
81435
17943
55808
29702
5444
59441
70819
65034
92605
36304
20686
33950
19196
39151
71134
28224
58363
43912
47649
32709
31532
71002
46761
41268
98547
95518
27698
35082
56081
12185
96079
77554
38647
91306
54155
63036
93774
67639
62849
11370
92623
87730
34430
15322
36512
70450
19403
22936
30033
30272
84011
54467
74053
33134
14810
99170
66930
98327
72577
4563
15546
22844
60950
67038
63345
90703
59244
63338
37748
44853
34138
48846
59868
32337
76884
8558
49341
18218
49816
33710
22125
4579
52079
72623
93616
95834
64507
4074
5744
11423
34420
52567
49265
62262
99651
19175
56165
89138
80823
42713
67208
48005
20180
53826
10512
50230
59538
52501
8562
31917
40815
75783
58716
50250
48091
15601
14809
54760
79091
79381
96203
62977
64646
33067
83120
56178
41845
75573
15065
67867
20617
75368
31820
12574
24714
49117
62544
74902
87941
21050
6509
33233
44824
21623
26167
90039
83530
64429
34737
12742
53018
55782
68116
57650
45374
95630
75404
59072
62451
75479
28287
20442
97503
96118
4034
46524
28603
66542
49224
36103
28207
16022
19734
76873
68718
16735
9833
48632
24505
20701
80744
17862
19516
80165
52003
60120
72206
79780
90037
